4294967279,128
4294967279,127
4294967279,126
4294967279,125
4294967279,124
4294967279,123
4294967278,249
4294967279,329
4294967278,245
4294967278,243
4294967279,131
4294967279,130
4294967279,129
4294967278,241
4294967278,238
4294967278,8
4294967278,7
4294967278,6
4294967278,5
4294967278,4
4294967279,132
4294967278,237
22,4
4294967278,520
4294967279,328
4294967278,235
4294967278,231
4294967278,228
4294967278,226
22,5
4294967278,222
4294967278,224
22,3
22,2
22,1
4294967278,223
4294967278,221
4294967278,218
4294967278,9
4294967278,217
4294967278,214
4294967278,10
4294967279,327
4294967278,519
4294967279,326
4294967278,212
4294967278,13
4294967278,12
4294967278,11
4294967278,518
4294967279,325
4294967278,210
4294967278,16
4294967278,15
4294967278,14
4294967278,517
4294967279,324
4294967278,516
4294967278,515
4294967279,323
4294967278,514
4294967279,322
4294967294,924
4294967279,321
4294967294,80
4294967294,75
4294967278,20
4294967278,19
4294967278,18
4294967278,17
4294967278,513
4294967279,320
4294967278,203
4294967278,27
4294967278,26
4294967278,25
4294967278,24
4294967278,23
4294967278,22
4294967278,21
4294967278,512
4294967279,319
4294967278,200
4294967278,41
4294967278,40
4294967278,39
4294967278,38
4294967278,37
4294967278,36
4294967278,35
4294967278,34
4294967278,33
4294967278,32
4294967278,31
4294967278,30
4294967278,29
4294967278,28
4294967279,32
4294967279,31
4294967279,29
4294967279,28
4294967279,27
4294967279,318
4294967278,319
4294967278,318
4294967279,317
4294967279,316
4294967278,192
4294967278,191
21,5
21,4
4294967278,190
21,3
21,2
21,1
4294967278,317
4294967294,430
4294967278,189
4294967278,188
20,5
4294967278,187
20,4
20,3
20,2
20,1
4294967279,315
4294967278,186
4294967278,185
4294967278,184
19,4
19,3
19,2
19,1
4294967279,314
4294967278,183
4294967294,390
4294967278,182
4294967278,181
18,4
18,3
18,2
18,1
4294967279,313
4294967278,180
4294967278,179
4294967278,178
17,4
17,3
17,2
17,1
4294967278,177
4294967278,176
4294967279,312
4294967294,907
4294967278,298
4294967279,311
4294967278,316
4294967279,310
4294967294,388
4294967278,315
4294967278,297
4294967278,295
4294967278,169
4294967278,296
4294967294,97
4294967294,415
4294967294,423
4294967279,25
4294967279,24
4294967279,21
4294967279,19
4294967279,18
4294967279,17
4294967279,16
4294967279,15
4294967279,14
4294967279,13
4294967279,12
4294967279,11
4294967278,167
4294967294,89
16,5
4294967278,166
16,4
16,3
16,2
16,1
4294967279,309
4294967278,165
4294967278,164
4294967278,163
15,5
15,4
4294967278,162
15,2
15,1
4294967278,292
4294967294,954
4294967278,161
4294967278,160
14,4
4294967278,159
14,2
14,1
4294967278,314
4294967294,38
4294967294,37
4294967294,42
4294967294,40
4294967294,440
4294967294,392
4294967294,389
4294967294,120
4294967294,114
4294967294,43
4294967294,45
4294967294,44
4294967278,158
4294967278,157
13,4
13,3
13,2
13,1
4294967278,313
4294967294,417
4294967294,468
4294967294,53
4294967294,82
4294967279,155
12,4
12,3
12,2
12,1
0,7
4294967294,91
4294967294,90
4294967294,87
4294967294,86
4294967294,84
4294967294,83
4294967294,18
4294967294,127
4294967294,126
4294967294,20
4294967294,13
4294967278,312
4294967294,908
4294967294,186
4294967294,2
4294967294,0
4294967294,69
4294967279,308
4294967278,311
4294967279,307
4294967278,310
4294967279,306
4294967278,309
4294967279,305
4294967278,308
4294967294,107
4294967294,81
4294967294,92
4294967294,88
4294967294,85
4294967294,1416
4294967294,953
4294967294,29
4294967294,414
4294967294,28
4294967294,923
4294967294,27
4294967294,393
4294967294,1418
4294967294,426
4294967294,96
4294967294,94
4294967279,304
4294967294,8
4294967279,303
4294967279,260
4294967279,0
4294967294,7
4294967278,307
4294967278,260
4294967278,0
4294967294,6
4294967294,165
4294967294,24
4294967294,113
4294967294,46
4294967294,1
4294967294,167
4294967294,1415
4294967294,31
4294967294,30
4294967294,61
4294967294,470
4294967294,50
4294967294,469
